1 0.7038671875 0.860859375 0.17578125 0.162265625
1 0.5656640625 0.5108203125 0.085625 0.2253515625
1 0.3778515625 0.5220703125 0.2659375 0.377109375
1 0.8195703125 0.53859375 0.070625 0.079609375
1 0.872890625 0.798984375 0.111171875 0.40203125
1 0.4815234375 0.08640625 0.1607421875 0.091640625
1 0.6205078125 0.078125 0.0541015625 0.0751171875
1 0.2741796875 0.04734375 0.3290234375 0.0946484375
1 0.3448046875 0.1825390625 0.1397265625 0.1246875
1 0.5438671875 0.189296875 0.0751171875 0.072109375
1 0.8330859375 0.380859375 0.0946484375 0.118671875
1 0.6843359375 0.501796875 0.1216796875 0.255390625
1 0.506328125 0.24265625 0.10515625 0.079609375