1 0.9465234375 0.115703125 0.096171875 0.2313671875
1 0.5814453125 0.603203125 0.1081640625 0.2629296875
1 0.8368359375 0.5573828125 0.162265625 0.3515625
1 0.61375 0.220859375 0.1457421875 0.150234375
1 0.6888671875 0.3485546875 0.1607421875 0.06609375
1 0.4108984375 0.6294921875 0.14875 0.078125
1 0.695625 0.4740234375 0.09015625 0.118671875
1 0.64078125 0.8330859375 0.1878125 0.1126953125
1 0.7564453125 0.7429296875 0.13671875 0.1337109375
1 0.286953125 0.884921875 0.1652734375 0.1322265625
1 0.407890625 0.9544921875 0.196796875 0.0910546875
1 0.583671875 0.9029296875 0.076640625 0.0871484375
1 0.174296875 0.9562890625 0.060078125 0.0465625