1 0.1434765625 0.5521484375 0.1337109375 0.353046875
1 0.4657421875 0.5416015625 0.1802734375 0.431171875
1 0.8833984375 0.3125 0.096171875 0.189296875
1 0.3425390625 0.77296875 0.10515625 0.130703125
1 0.247890625 0.1096875 0.111171875 0.1412109375
1 0.73390625 0.0533203125 0.2689453125 0.103671875
1 0.8991796875 0.1923046875 0.142734375 0.078125
1 0.94953125 0.045078125 0.09015625 0.09015625
1 0.5048046875 0.2028125 0.0480859375 0.0541015625
1 0.6182421875 0.2621875 0.1006640625 0.1337109375
1 0.6340234375 0.751953125 0.060078125 0.076640625
1 0.6009765625 0.8991796875 0.057109375 0.070625
1 0.431171875 0.9502734375 0.084140625 0.076640625