1 0.763984375 0.2696875 0.052578125 0.0616015625
1 0.646796875 0.3094921875 0.079609375 0.057109375
1 0.670078125 0.439453125 0.099140625 0.09765625
1 0.7917578125 0.677578125 0.2043359375 0.1201953125
1 0.173515625 0.2201171875 0.0826171875 0.09765625
1 0.103671875 0.2508984375 0.078125 0.05109375
1 0.2689453125 0.383125 0.06609375 0.06609375
1 0.353046875 0.506328125 0.0420703125 0.0691015625
1 0.2486328125 0.550625 0.064609375 0.064609375
1 0.3410546875 0.61375 0.045078125 0.0435546875
1 0.52359375 0.52734375 0.0465625 0.0630859375
1 0.545390625 0.6708203125 0.0480859375 0.085625
1 0.61671875 0.787265625 0.079609375 0.084140625
1 0.7940234375 0.93796875 0.0616015625 0.1241015625
1 0.9341796875 0.888359375 0.1316015625 0.2232421875
1 0.17953125 0.892421875 0.0616015625 0.072109375
1 0.238125 0.77 0.09765625 0.0555859375
1 0.4094140625 0.814296875 0.0616015625 0.096171875
1 0.7001171875 0.9577734375 0.0931640625 0.070625
1 0.099140625 0.7564453125 0.138203125 0.13671875
1 0.9112109375 0.2080859375 0.1066796875 0.0616015625