1 0.271171875 0.8755859375 0.259921875 0.2487890625
1 0.230625 0.931953125 0.3560546875 0.1361328125
1 0.9056640625 0.501796875 0.1887109375 0.279453125
1 0.7902734375 0.779765625 0.0811328125 0.1862890625
1 0.618984375 0.9191796875 0.138203125 0.161640625
1 0.2876953125 0.3816015625 0.079609375 0.078125
1 0.4619921875 0.2741796875 0.085625 0.1457421875
1 0.3936328125 0.306484375 0.078125 0.099140625
1 0.6159765625 0.32453125 0.06609375 0.072109375
1 0.682109375 0.5303515625 0.0390625 0.252421875
1 0.6565625 0.7549609375 0.1141796875 0.13671875