1 0.5318359375 0.1840625 0.15625 0.0736328125
1 0.3440625 0.3132421875 0.099140625 0.1216796875
1 0.6963671875 0.1885546875 0.09765625 0.1006640625
1 0.2313671875 0.3192578125 0.0541015625 0.1006640625
1 0.1630078125 0.4852734375 0.0676171875 0.0691015625
1 0.1246875 0.6475390625 0.0390625 0.060078125
1 0.435703125 0.6280078125 0.05109375 0.072109375
1 0.439453125 0.72265625 0.0495703125 0.0691015625
1 0.6791015625 0.7376953125 0.033046875 0.072109375
1 0.44546875 0.9540234375 0.1517578125 0.0871484375
1 0.6302734375 0.8661328125 0.0676171875 0.0495703125
1 0.0653515625 0.748203125 0.0826171875 0.1141796875
1 0.06609375 0.863125 0.1141796875 0.064609375
1 0.1983203125 0.8233203125 0.06609375 0.09015625