1 0.16453125 0.1337109375 0.3290234375 0.267421875
1 0.8315625 0.544609375 0.2569140625 0.226875
1 0.8173046875 0.71515625 0.201328125 0.10515625
1 0.6498046875 0.036796875 0.46125 0.070625
1 0.5048046875 0.0946484375 0.1532421875 0.018046875
1 0.5814453125 0.17953125 0.174296875 0.0826171875
1 0.57390625 0.3478125 0.1532421875 0.1517578125
1 0.3568359375 0.470234375 0.0826171875 0.123203125
1 0.5829296875 0.6648046875 0.16828125 0.2689453125
1 0.51984375 0.947734375 0.1322265625 0.1045703125
1 0.267421875 0.681328125 0.0630859375 0.103671875
1 0.1690234375 0.68734375 0.0736328125 0.0676171875
1 0.2824609375 0.4725 0.0360546875 0.091640625