0 0.4524609375 0.15859375 0.0676171875 0.0748046875
0 0.5445703125 0.6757421875 0.3840234375 0.213671875
0 0.5340625 0.4233984375 0.3690234375 0.321953125
0 0.1635546875 0.44546875 0.14484375 0.18578125
0 0.209140625 0.328828125 0.109765625 0.1267578125
0 0.1980859375 0.7628515625 0.219921875 0.123515625
0 0.131015625 0.6116796875 0.0977734375 0.085546875
0 0.3162890625 0.2522265625 0.035625 0.05171875
0 0.3373046875 0.69078125 0.0656640625 0.0514453125
0 0.4940234375 0.9000390625 0.0605859375 0.073359375
0 0.67578125 0.87703125 0.06953125 0.063359375
0 0.8355078125 0.67375 0.0944921875 0.1135546875
0 0.7859375 0.4104296875 0.13359375 0.06765625
0 0.843515625 0.3027734375 0.0744921875 0.09875
0 0.8690625 0.5115625 0.0233984375 0.0415625