2 0.7624609375 0.153359375 0.13890625 0.1070703125
2 0.52953125 0.145390625 0.0983984375 0.0737890625
2 0.6597265625 0.0766796875 0.1070703125 0.0665625
2 0.5172265625 0.0629296875 0.1576953125 0.05640625
2 0.3334765625 0.1410546875 0.180859375 0.0853515625
2 0.2336328125 0.315390625 0.192421875 0.1186328125
2 0.3841015625 0.463671875 0.13453125 0.12296875
2 0.5700390625 0.4094140625 0.1273046875 0.1070703125
2 0.630078125 0.6148828125 0.1663671875 0.1128515625
2 0.3942578125 0.666953125 0.114296875 0.081015625
2 0.5230078125 0.7458203125 0.0766796875 0.0766796875
2 0.57796875 0.8890234375 0.105625 0.0969140625