2 0.301640625 0.454296875 0.0969140625 0.1186328125
2 0.3884375 0.2416015625 0.0853515625 0.1186328125
2 0.48828125 0.2662109375 0.0708984375 0.081015625
2 0.44921875 0.4108984375 0.0708984375 0.0665625
2 0.4897265625 0.8571875 0.0882421875 0.0593359375
2 0.7465234375 0.6705859375 0.1244140625 0.0853515625
2 0.8065625 0.49625 0.0853515625 0.0549609375
2 0.8022265625 0.39859375 0.120078125 0.0766796875
2 0.680703125 0.5258984375 0.12875 0.0737890625
2 0.8210546875 0.30453125 0.0593359375 0.0766796875
2 0.524453125 0.1851953125 0.1171875 0.0665625
2 0.639453125 0.2871875 0.078125 0.053515625
2 0.6908203125 0.1909765625 0.0680078125 0.063671875