2 0.5656640625 0.457890625 0.1301953125 0.0969140625
2 0.844921875 0.6821484375 0.1186328125 0.0795703125
2 0.8709375 0.6040234375 0.1128515625 0.0680078125
2 0.6778125 0.64453125 0.0680078125 0.050625
2 0.440546875 0.5432421875 0.0708984375 0.0593359375
2 0.5425390625 0.5374609375 0.063671875 0.05640625
2 0.3638671875 0.4803125 0.105625 0.063671875
2 0.454296875 0.41015625 0.0665625 0.050625
2 0.3197265625 0.356640625 0.13890625 0.0795703125
2 0.220625 0.52953125 0.0911328125 0.0665625
2 0.574375 0.8941015625 0.0665625 0.063671875