2 0.452109375 0.3117578125 0.0593359375 0.0708984375
2 0.49625 0.413046875 0.081015625 0.0737890625
2 0.4897265625 0.6915625 0.1374609375 0.1099609375
2 0.3421484375 0.6293359375 0.0737890625 0.07234375
2 0.301640625 0.5280859375 0.0593359375 0.078125
2 0.3255078125 0.4455859375 0.0433984375 0.06078125
2 0.4065234375 0.4484765625 0.078125 0.0665625
2 0.5345703125 0.5070703125 0.0680078125 0.0622265625
2 0.3869921875 0.3530078125 0.0680078125 0.07234375
2 0.5823046875 0.3645703125 0.0622265625 0.081015625
2 0.6286328125 0.46875 0.0622265625 0.0896875
2 0.776171875 0.82828125 0.0824609375 0.0940234375