2 0.35928571428571426 0.12428571428571429 0.047142857142857146 0.06571428571428571
2 0.265 0.5764285714285714 0.10142857142857142 0.05
2 0.23857142857142857 0.6928571428571428 0.11428571428571428 0.1
2 0.05785714285714286 0.7507142857142857 0.11285714285714285 0.13
2 0.4735714285714286 0.805 0.05285714285714286 0.055714285714285716
2 0.48142857142857143 0.35642857142857143 0.21428571428571427 0.18142857142857144
2 0.475 0.5028571428571429 0.11 0.08285714285714285
2 0.64 0.5257142857142857 0.11428571428571428 0.12285714285714286
2 0.9528571428571428 0.5335714285714286 0.09428571428571429 0.10428571428571429
2 0.7707142857142857 0.42714285714285716 0.18714285714285714 0.12857142857142856
2 0.6571428571428571 0.29714285714285715 0.09714285714285714 0.10285714285714286
2 0.8614285714285714 0.21142857142857144 0.2057142857142857 0.14857142857142858