2 0.600390625 0.3356640625 0.08390625 0.0578515625
2 0.678515625 0.42171875 0.0983984375 0.0708984375
2 0.75375 0.3190234375 0.063671875 0.053515625
2 0.7971484375 0.2408984375 0.07234375 0.0795703125
2 0.8391015625 0.3790625 0.0578515625 0.0665625
2 0.7053125 0.1678125 0.04484375 0.0347265625
2 0.653203125 0.2220703125 0.0651171875 0.047734375
2 0.64671875 0.2828515625 0.0665625 0.036171875
2 0.309609375 0.7580859375 0.063671875 0.06078125
2 0.418828125 0.315390625 0.03328125 0.0520703125
2 0.5258984375 0.5070703125 0.102734375 0.0622265625
2 0.7016796875 0.51359375 0.081015625 0.0549609375