2 0.34 0.360234375 0.06078125 0.0665625
2 0.6930078125 0.588125 0.09546875 0.114296875
2 0.7103515625 0.8463671875 0.0896875 0.1909765625
2 0.5924609375 0.6510546875 0.09984375 0.1070703125
2 0.69515625 0.34359375 0.0824609375 0.1663671875
2 0.848515625 0.5179296875 0.053515625 0.0665625
2 0.3226171875 0.211953125 0.06078125 0.0622265625
2 0.5280859375 0.2358203125 0.078125 0.08390625
2 0.5237109375 0.31828125 0.06078125 0.0578515625
2 0.5446875 0.4622265625 0.0940234375 0.102734375
2 0.2336328125 0.6018359375 0.1171875 0.081015625
2 0.258984375 0.455 0.092578125 0.0795703125
2 0.2191796875 0.7711328125 0.0651171875 0.075234375