0 0.66375 0.493515625 0.1897265625 0.26984375
0 0.48953125 0.67625 0.1056640625 0.1365625
0 0.25671875 0.838984375 0.0787109375 0.09140625
0 0.3458203125 0.8089453125 0.0766796875 0.0833984375
0 0.395390625 0.748359375 0.049609375 0.052421875
0 0.138046875 0.4925390625 0.0757421875 0.0755859375
0 0.4644921875 0.2201953125 0.0676171875 0.059765625
0 0.68578125 0.2296484375 0.37796875 0.2530078125
0 0.76140625 0.4689453125 0.27078125 0.3109375
0 0.708828125 0.6507421875 0.135625 0.127578125
0 0.4524609375 0.1441015625 0.04359375 0.0277734375