2 0.48828125 0.4698828125 0.085 0.121796875
2 0.0884765625 0.6307421875 0.066640625 0.1080078125
2 0.6939453125 0.3802734375 0.160859375 0.0987890625
2 0.893828125 0.4078515625 0.050546875 0.0987890625
2 0.9053125 0.600859375 0.0643359375 0.0987890625
2 0.7950390625 0.5181640625 0.0459375 0.09421875
2 0.5606640625 0.7421875 0.0643359375 0.05515625
2 0.75484375 0.8214453125 0.043671875 0.0528515625
2 0.84328125 0.7605859375 0.073515625 0.0597265625
2 0.49515625 0.63765625 0.0574609375 0.06203125
2 0.590546875 0.29984375 0.073515625 0.085
2 0.53078125 0.0528515625 0.128671875 0.073515625