0 0.6847265625 0.639921875 0.004609375 0.0023046875
0 0.64109375 0.5480078125 0.05515625 0.0804296875
0 0.7283984375 0.6744140625 0.073515625 0.09421875
0 0.6663671875 0.746796875 0.0597265625 0.0597265625
0 0.7042578125 0.863984375 0.085 0.0689453125
0 0.815703125 0.4285546875 0.0643359375 0.144765625
0 0.71578125 0.323984375 0.06203125 0.078125
0 0.78125 0.25734375 0.050546875 0.10109375
0 0.473359375 0.2803125 0.05515625 0.0689453125
0 0.3653515625 0.1769140625 0.0919140625 0.078125
0 0.3377734375 0.320546875 0.0873046875 0.0804296875
0 0.441171875 0.437734375 0.0367578125 0.0574609375
0 0.5020703125 0.535390625 0.1080078125 0.0689453125
0 0.4273828125 0.6273046875 0.05515625 0.073515625
0 0.2642578125 0.5284765625 0.0919140625 0.1746484375
0 0.3228515625 0.844453125 0.0758203125 0.1080078125
0 0.1746484375 0.37453125 0.0367578125 0.050546875
0 0.1654296875 0.5365234375 0.0321875 0.06203125
0 0.24015625 0.2640625 0.0291796875 0.0504296875
0 0.262734375 0.18046875 0.0238671875 0.0477734375
0 0.16453125 0.2335546875 0.0265234375 0.0398046875