0 0.4434765625 0.276875 0.2159765625 0.1171875
0 0.6215625 0.2171484375 0.0390625 0.043671875
0 0.4319921875 0.1780859375 0.0413671875 0.0206640625
0 0.561796875 0.464140625 0.0804296875 0.1746484375
0 0.7237890625 0.5825 0.0689453125 0.144765625
0 0.68015625 0.7398828125 0.0873046875 0.128671875
0 0.7674609375 0.7950390625 0.0413671875 0.02296875
0 0.8961328125 0.7479296875 0.0919140625 0.07125
0 0.473359375 0.7054296875 0.1976171875 0.0965234375
0 0.2918359375 0.4400390625 0.05515625 0.06203125
0 0.2309375 0.551484375 0.043671875 0.0689453125
0 0.128671875 0.600859375 0.0597265625 0.09421875
0 0.2550390625 0.6973828125 0.073515625 0.0528515625
0 0.2366796875 0.8271875 0.234375 0.160859375