2 0.5526171875 0.3733984375 0.222890625 0.199921875
2 0.636484375 0.61234375 0.390625 0.2275
2 0.734140625 0.4228125 0.25046875 0.21140625
2 0.8651171875 0.6847265625 0.0987890625 0.2527734375
2 0.4158984375 0.2516015625 0.128671875 0.1861328125
2 0.5836328125 0.1390234375 0.1148828125 0.190703125
2 0.3871875 0.5284765625 0.112578125 0.2159765625
2 0.234375 0.4721875 0.1470703125 0.2275
2 0.222890625 0.668671875 0.1424609375 0.2757421875
2 0.3033203125 0.835234375 0.1700390625 0.0987890625
2 0.453828125 0.7169140625 0.167734375 0.1103125