2 0.4124609375 0.245859375 0.2918359375 0.41359375
2 0.68015625 0.2987109375 0.3446875 0.229765625
2 0.7353125 0.4400390625 0.128671875 0.14015625
2 0.75484375 0.6583203125 0.24125 0.2091015625
2 0.2366796875 0.3802734375 0.2757421875 0.14015625
2 0.1666015625 0.5181640625 0.2137109375 0.2137109375
2 0.41703125 0.6077734375 0.1861328125 0.1585546875
2 0.5652734375 0.737578125 0.0597265625 0.1378515625
2 0.6273046875 0.9041796875 0.1424609375 0.09421875
2 0.3136328125 0.7444921875 0.1539453125 0.1930078125
2 0.535390625 0.503203125 0.151640625 0.0965234375