2 0.737578125 0.3687890625 0.2021875 0.09421875
2 0.83984375 0.4940234375 0.07125 0.10109375
2 0.6387890625 0.54 0.0643359375 0.1930078125
2 0.71 0.639921875 0.0413671875 0.0528515625
2 0.6468359375 0.746796875 0.089609375 0.1148828125
2 0.5526171875 0.6812890625 0.066640625 0.1539453125
2 0.461875 0.3699609375 0.1103125 0.160859375
2 0.496328125 0.148203125 0.15625 0.112578125
2 0.593984375 0.2550390625 0.085 0.1240625
2 0.363046875 0.2309375 0.1194921875 0.1309765625
2 0.2378125 0.3848828125 0.167734375 0.190703125
2 0.1585546875 0.5181640625 0.1424609375 0.199921875
2 0.2837890625 0.7916015625 0.2642578125 0.1861328125