0 0.6651953125 0.425078125 0.1539453125 0.1240625
0 0.4480859375 0.3412109375 0.2757421875 0.167734375
0 0.4595703125 0.5572265625 0.21140625 0.25046875
0 0.558359375 0.1666015625 0.151640625 0.1539453125
0 0.8995703125 0.3848828125 0.0574609375 0.0390625
0 0.874296875 0.4583984375 0.0574609375 0.0482421875
0 0.9041796875 0.610078125 0.1080078125 0.163125
0 0.8191796875 0.7525390625 0.167734375 0.14015625
0 0.6284375 0.8030859375 0.1033984375 0.07125
0 0.2435546875 0.4009765625 0.1240625 0.1539453125
0 0.2044921875 0.5491796875 0.0919140625 0.10109375
0 0.206796875 0.76171875 0.2205859375 0.167734375
0 0.1194921875 0.6238671875 0.0321875 0.0390625