2 0.2447265625 0.5675390625 0.089609375 0.17921875
2 0.38375 0.4721875 0.078125 0.06203125
2 0.48828125 0.6284375 0.0987890625 0.09421875
2 0.6709375 0.4503515625 0.1103125 0.284921875
2 0.8294921875 0.464140625 0.0873046875 0.2711328125
2 0.6273046875 0.6812890625 0.0459375 0.07125
2 0.7410546875 0.7134765625 0.0390625 0.0390625
2 0.69625 0.815703125 0.0321875 0.073515625
2 0.4653125 0.219453125 0.066640625 0.1080078125
2 0.37453125 0.2826171875 0.0919140625 0.10109375
2 0.2275 0.7054296875 0.0643359375 0.0367578125
2 0.37453125 0.7169140625 0.0367578125 0.0459375