0 0.56296875 0.5135546875 0.2527734375 0.32859375
0 0.76515625 0.5250390625 0.229765625 0.1585546875
0 0.8812109375 0.7330078125 0.112578125 0.1103125
0 0.71 0.6433984375 0.05515625 0.0597265625
0 0.649140625 0.788125 0.144765625 0.1240625
0 0.84671875 0.8846484375 0.066640625 0.050546875
0 0.7823828125 0.3297265625 0.112578125 0.07125
0 0.5503125 0.3148046875 0.245859375 0.128671875
0 0.444609375 0.2010546875 0.1861328125 0.1033984375
0 0.320546875 0.25734375 0.149375 0.10109375
0 0.3722265625 0.414765625 0.0689453125 0.112578125
0 0.1573828125 0.4354296875 0.1539453125 0.09421875
0 0.29296875 0.542265625 0.1769140625 0.17921875
0 0.3159375 0.750234375 0.2366796875 0.2091015625
0 0.102265625 0.6192578125 0.0987890625 0.1585546875
0 0.1700390625 0.8409765625 0.1930078125 0.183828125