2 0.15625 0.343515625 0.105703125 0.2550390625
2 0.305625 0.3733984375 0.1746484375 0.2091015625
2 0.5606640625 0.2056640625 0.1654296875 0.14015625
2 0.5721484375 0.1183203125 0.1700390625 0.1769140625
2 0.504375 0.3607421875 0.112578125 0.151640625
2 0.7203515625 0.390625 0.112578125 0.25734375
2 0.258515625 0.5675390625 0.29640625 0.151640625
2 0.089609375 0.7330078125 0.073515625 0.0965234375
2 0.29984375 0.727265625 0.1263671875 0.1033984375
2 0.473359375 0.6261328125 0.1884375 0.2275
2 0.6192578125 0.577890625 0.1033984375 0.1861328125
2 0.75828125 0.7134765625 0.2021875 0.3101953125
2 0.930625 0.5836328125 0.0965234375 0.4228125