0 0.41578125 0.7160546875 0.0471875 0.0520703125
0 0.366171875 0.78765625 0.0390625 0.0390625
0 0.3124609375 0.53296875 0.0455859375 0.0439453125
0 0.41171875 0.609453125 0.0260546875 0.037421875
0 0.2969921875 0.417421875 0.02765625 0.0309375
0 0.345 0.3572265625 0.048828125 0.0699609375
0 0.2815234375 0.23515625 0.0618359375 0.056953125
0 0.4304296875 0.315703125 0.0504296875 0.0553125
0 0.362890625 0.474375 0.0260546875 0.0309375
0 0.488203125 0.57203125 0.0260546875 0.02765625
0 0.3246484375 0.2815234375 0.037421875 0.0325390625
0 0.405234375 0.19609375 0.1171875 0.180625
0 0.5207421875 0.12125 0.048828125 0.0699609375
0 0.5964453125 0.174140625 0.02765625 0.0553125
0 0.5809765625 0.3384765625 0.0325390625 0.0325390625
0 0.5525 0.3816015625 0.056953125 0.056953125
0 0.5500390625 0.5101953125 0.048828125 0.0439453125
0 0.5590234375 0.6062109375 0.021171875 0.0309375
0 0.5525 0.691640625 0.0341796875 0.029296875
0 0.8047265625 0.2978125 0.08625 0.1171875
0 0.67453125 0.4556640625 0.0927734375 0.084609375
0 0.8421484375 0.4344921875 0.0504296875 0.123671875
0 0.738828125 0.5598046875 0.0455859375 0.0520703125
0 0.781953125 0.6981640625 0.0992578125 0.1106640625
0 0.7087109375 0.770546875 0.0537109375 0.0471875
0 0.8258984375 0.5671484375 0.056953125 0.08625
0 0.8869140625 0.6452734375 0.0325390625 0.0601953125
0 0.1725 0.300234375 0.0358203125 0.06671875
0 0.1220703125 0.3482421875 0.0325390625 0.065078125
0 0.131015625 0.5044921875 0.0699609375 0.078125
0 0.1497265625 0.676171875 0.107421875 0.14484375