2 0.51125 0.2320703125 0.21828125 0.4365625
2 0.68015625 0.522734375 0.151640625 0.199921875
2 0.7674609375 0.3159375 0.2205859375 0.167734375
2 0.5216015625 0.7042578125 0.1378515625 0.0987890625
2 0.7330078125 0.7054296875 0.073515625 0.1930078125
2 0.078125 0.3262890625 0.105703125 0.128671875
2 0.2676953125 0.27 0.121796875 0.0804296875
2 0.340078125 0.3607421875 0.073515625 0.050546875
2 0.5078125 0.55953125 0.1930078125 0.1953125
2 0.3125 0.53421875 0.1378515625 0.2320703125
2 0.1930078125 0.4583984375 0.05515625 0.3377734375
2 0.343515625 0.8501953125 0.1861328125 0.2205859375