0 0.4583984375 0.1769140625 0.09421875 0.17921875
0 0.633046875 0.125234375 0.06203125 0.0758203125
0 0.7065625 0.2251953125 0.0390625 0.0689453125
0 0.7203515625 0.355 0.043671875 0.043671875
0 0.80421875 0.3940625 0.05515625 0.0574609375
0 0.5675390625 0.3228515625 0.0597265625 0.0804296875
0 0.4698828125 0.37453125 0.0390625 0.05515625
0 0.788125 0.5882421875 0.05515625 0.0873046875
0 0.8260546875 0.71921875 0.121796875 0.1240625
0 0.7019921875 0.8134375 0.0574609375 0.0459375
0 0.7398828125 0.714609375 0.027578125 0.078125
0 0.6215625 0.52390625 0.034453125 0.05515625
0 0.5687109375 0.5296484375 0.0482421875 0.1539453125
0 0.4974609375 0.49171875 0.034453125 0.0597265625
0 0.5560546875 0.4354296875 0.0413671875 0.0298828125
0 0.3182421875 0.2275 0.0758203125 0.082734375
0 0.402109375 0.2630859375 0.05515625 0.07125
0 0.1976171875 0.4205078125 0.15625 0.2803125
0 0.3538671875 0.46875 0.1654296875 0.10109375
0 0.4158984375 0.6548828125 0.229765625 0.160859375
0 0.2275 0.6927734375 0.073515625 0.0804296875
0 0.336640625 0.8294921875 0.2275 0.15625