0 0.421640625 0.2205859375 0.1585546875 0.1884375
0 0.53421875 0.2171484375 0.06203125 0.0987890625
0 0.6215625 0.2550390625 0.06203125 0.0919140625
0 0.5755859375 0.359609375 0.085 0.0758203125
0 0.6583203125 0.3423828125 0.066640625 0.0413671875
0 0.4549609375 0.3802734375 0.1148828125 0.112578125
0 0.5848046875 0.531953125 0.1309765625 0.25046875
0 0.8260546875 0.7019921875 0.0987890625 0.085
0 0.79390625 0.5089453125 0.0574609375 0.085
0 0.6847265625 0.5951171875 0.078125 0.160859375
0 0.71578125 0.425078125 0.1033984375 0.0459375
0 0.883515625 0.284921875 0.0574609375 0.078125
0 0.730703125 0.190703125 0.05515625 0.05515625
0 0.37796875 0.554921875 0.222890625 0.2734375
0 0.3228515625 0.8145703125 0.144765625 0.1309765625
0 0.1941796875 0.6744140625 0.144765625 0.1815234375