0 0.5687109375 0.4744921875 0.1309765625 0.1033984375
0 0.278046875 0.4859765625 0.078125 0.089609375
0 0.1596875 0.61234375 0.1309765625 0.1539453125
0 0.4124609375 0.59859375 0.0528515625 0.0987890625
0 0.620390625 0.672109375 0.0597265625 0.0574609375
0 0.72953125 0.5216015625 0.066640625 0.0643359375
0 0.890390625 0.4986328125 0.0758203125 0.082734375
0 0.5687109375 0.340078125 0.06203125 0.160859375
0 0.8387109375 0.4112890625 0.050546875 0.05515625
0 0.4009765625 0.1976171875 0.0482421875 0.0643359375
0 0.301015625 0.3101953125 0.073515625 0.10109375
0 0.4239453125 0.398671875 0.066640625 0.089609375