2 0.1275390625 0.4721875 0.121796875 0.222890625
2 0.4779296875 0.3584375 0.1654296875 0.2665625
2 0.6112109375 0.210234375 0.160859375 0.319375
2 0.788125 0.4365625 0.2251953125 0.1654296875
2 0.711171875 0.620390625 0.0804296875 0.2021875
2 0.7720703125 0.80765625 0.0873046875 0.121796875
2 0.67671875 0.835234375 0.07125 0.1033984375
2 0.9007421875 0.691640625 0.105703125 0.33546875
2 0.5721484375 0.55953125 0.183828125 0.301015625
2 0.1746484375 0.71578125 0.2021875 0.121796875
2 0.3768359375 0.831796875 0.2803125 0.1103125
2 0.3377734375 0.91453125 0.0965234375 0.10109375
2 0.3963671875 0.6502734375 0.21828125 0.1930078125
2 0.4549609375 0.1171875 0.1103125 0.1103125