0 0.6187109375 0.0930078125 0.207734375 0.117890625
0 0.86203125 0.2451953125 0.1896484375 0.253984375
0 0.508046875 0.31328125 0.1487109375 0.11375
0 0.7058203125 0.204140625 0.06953125 0.0878125
0 0.231171875 0.41640625 0.141796875 0.1517578125
0 0.2186328125 0.6487109375 0.21890625 0.2677734375
0 0.4549609375 0.575625 0.1387109375 0.109609375
0 0.8034765625 0.53859375 0.2347265625 0.0955859375
0 0.7854296875 0.7178125 0.186640625 0.1175
0 0.429453125 0.7368359375 0.093671875 0.0714453125
0 0.29625 0.8399609375 0.2078515625 0.1094140625
0 0.60265625 0.9220703125 0.307890625 0.093359375