0 0.674765625 0.1665625 0.21171875 0.2590234375
0 0.7388671875 0.3353125 0.2037109375 0.097734375
0 0.8440234375 0.4299609375 0.1415625 0.1006640625
0 0.9086328125 0.5235546875 0.096484375 0.2458203125
0 0.6316796875 0.6747265625 0.4861328125 0.28375
0 0.3328125 0.716796875 0.1467578125 0.13953125
0 0.5821484375 0.88703125 0.2608203125 0.1314453125
0 0.3803515625 0.39640625 0.17578125 0.0636328125
0 0.5696484375 0.5195703125 0.1576953125 0.11765625
0 0.29171875 0.24921875 0.2088671875 0.21390625
0 0.4775 0.1641015625 0.11765625 0.1759375