0 0.5035546875 0.1996484375 0.1697265625 0.1929296875
0 0.503515625 0.43140625 0.5182421875 0.3019140625
0 0.8369921875 0.3333203125 0.1996484375 0.141796875
0 0.09046875 0.613671875 0.166875 0.2577734375
0 0.28921875 0.6426953125 0.2098828125 0.1956640625
0 0.1610546875 0.804921875 0.2299609375 0.1835546875
0 0.500546875 0.94109375 0.16375 0.071328125
0 0.6577734375 0.843984375 0.141640625 0.0933984375
0 0.5305859375 0.74484375 0.12765625 0.1595703125
0 0.7984375 0.6371875 0.2848046875 0.166640625
0 0.853046875 0.5070703125 0.285 0.1937109375